295    175    136    163    408    424    333    309    160    245    2019-06-01    23:22:00 	
273    381    133    114    376    181    415    347    180    342    2019-06-01    23:27:00 	
216    387    129    157    493    188    482    253    388    132    2019-06-01    23:32:00 	
129    189    151    107    453    368    334    378    108    127    2019-06-01    23:37:00 	
107    120    79    111    118    127    232    171    130    88    2019-06-01    23:42:00 	
122    319    164    227    176    188    254    164    105    85    2019-06-01    23:47:00 	
119    109    134    111    212    263    418    343    371    97    2019-06-01    23:52:00 	
159    180    135    173    172    135    311    413    407    82    2019-06-01    23:57:00 	
121    160    232    294    181    210    389    427    217    125    2019-06-02    00:02:00 	
194    167    149    282    164    158    285    182    156    141    2019-06-02    00:07:00 	
387    187    129    117    172    322    301    408    362    164    2019-06-02    00:12:00 	
122    123    159    137    195    192    297    261    201    196    2019-06-02    00:17:00
180    283    213    188    205    294    468    213    307    181    2019-06-02    00:22:00  	
161    145    350    320    171    161    421    404    292    135    2019-06-02    00:27:00 	
170    323    127    439    452    229    408    254    142    145    2019-06-02    00:32:00 	
307    314    207    318    311    207    301    343    108    155    2019-06-02    00:37:00 		
116    179    89    134    218    144    393    408    174    135    2019-06-02    00:42:00 	
261    240    239    198    142    206    418    257    294    127    2019-06-02    00:47:00 	
154    200    147    174    175    277    341    240    247    285    2019-06-02    00:52:00 	
112    104    89    106    124    149    240    174    126    249    2019-06-02    00:57:00 	
161    172    254    206    165    353    442    219    167    90    2019-06-02    01:03:00 	
229    106    89    105    176    214    436    221    113    124    2019-06-02    01:07:00 	
192    158    88    135    203    145    504    357    113    93    2019-06-02    01:12:00 	
128    279    368    141    204    218    241    274    284    152    2019-06-02    01:19:00 	
124    166    143    211    164    160    308    303    185    87    2019-06-02    01:22:00 	
180    358    138    165    220    354    503    232    156    124    2019-06-02    01:29:00 	
209    158    110    257    127    155    313    209    326    142    2019-06-02    01:32:00 	
327    113    259    153    114    139    242    158    117    76    2019-06-02    01:38:00 	
167    208    102    120    128    133    244    226    133    173    2019-06-02    01:45:00 	
186    165    220    121    168    255    277    190    287    82    2019-06-02    01:49:00 	
123    115    87    126    125    137    240    170    125    91    2019-06-02    01:52:00 	
159    194    88    113    124    133    235    173    121    84    2019-06-02    01:57:00 	
180    105    75    106    114    140    231    152    119    91    2019-06-02    02:02:00 	
161    115    355    161    112    359    297    312    124    170    2019-06-02    02:07:00 	
177    175    135    345    110    307    277    208    307    242    2019-06-02    02:12:00 	
414    403    153    117    192    184    257    263    205    148    2019-06-02    02:17:00 	
107    205    162    351    166    304    292    296    362    173    2019-06-02    02:22:00 	
180    172    200    207    122    321    254    238    168    146    2019-06-02    02:27:00 	
383    249    281    344    236    183    237    228    171    137    2019-06-02    02:32:00 	
116    179    138    169    179    222    238    302    167    286    2019-06-02    02:37:00 	
185    109    146    170    165    198    318    426    369    215    2019-06-02    02:42:00 	
239    163    147    165    175    368    484    327    170    140    2019-06-02    02:47:00 	
169    174    291    169    297    192    322    236    246    129    2019-06-02    02:52:00 	
166    140    162    206    193    195    448    228    183    134    2019-06-02    02:57:00 	
177    422    149    295    187    188    296    182    179    144    2019-06-02    03:02:00 	
178    307    155    174    274    437    291    219    155    131    2019-06-02    03:07:00 	
117    139    210    153    356    241    297    221    258    144    2019-06-02    03:12:00 	
176    189    171    170    278    208    241    225    190    315    2019-06-02    03:17:00 	
184    278    130    300    175    230    281    367    178    131    2019-06-02    03:22:00 	
201    180    256    175    202    246    314    230    135    139    2019-06-02    03:27:00 	
183    311    132    347    284    315    295    227    350    146    2019-06-02    03:32:00 	
172    358    134    393    168    418    292    247    268    164    2019-06-02    03:37:00 	
162    175    368    165    295    204    357    289    395    128    2019-06-02    03:42:00 	
308    260    125    199    296    436    476    227    167    224    2019-06-02    03:47:00 	
185    175    160    297    204    202    305    277    327    161    2019-06-02    03:52:00 	
171    183    141    201    271    317    339    215    158    211    2019-06-02    03:57:00 	
178    176    145    341    219    370    294    246    168    155    2019-06-02    04:02:00 	
203    302    125    191    376    195    314    379    365    154    2019-06-02    04:07:00 	
166    233    199    375    146    152    438    193    170    195    2019-06-02    04:12:00 	
410    356    143    427    175    466    312    177    190    243    2019-06-02    04:17:00 	
111    205    253    351    199    191    460    206    325    153    2019-06-02    04:22:00 	
257    161    267    279    433    196    342    413    170    232    2019-06-02    04:27:00 	
311    192    136    160    181    1594    394    187    178    1519    2019-06-02    04:32:00 	
268    276    140    1608    197    266    419    214    217    160    2019-06-02    04:37:00 	
220    187    118    256    188    202    432    365    169    376    2019-06-02    04:42:00 	
136    210    238    309    174    170    476    234    291    116    2019-06-02    04:47:00 	
228    146    86    121    130    144    351    272    288    144    2019-06-02    04:52:00 	
190    174    318    142    181    206    424    291    360    140    2019-06-02    04:57:00 	
113    268    289    245    195    189    300    300    117    150    2019-06-02    05:02:00 	
203    170    129    216    230    202    323    233    177    147    2019-06-02    05:07:00 	
319    119    88    216    179    220    300    210    300    211    2019-06-02    05:12:00 	
216    351    102    301    177    199    412    271    403    127    2019-06-02    05:17:00 	
163    184    154    414    450    198    289    221    173    256    2019-06-02    05:22:00 	
